./client 193697
"####
123456789 01 123456789 02 123456789 03 123456789 04 123456789 05 123456789 06 123456789 07 123456789 08 123456789 09 123456789 10
123456789 11 123456789 12 123456789 13 123456789 14 123456789 15 123456789 16 123456789 17 123456789 18 123456789 19 123456789 20
123456789 21 123456789 22 123456789 23 123456789 24 123456789 25 123456789 26 123456789 27 123456789 28 123456789 29 123456789 30
123456789 31 123456789 32 123456789 33 123456789 34 123456789 35 123456789 36 123456789 37 123456789 38 123456789 39 123456789 40
123456789 01 123456789 02 123456789 03 123456789 04 123456789 05 123456789 06 123456789 07 123456789 08 123456789 09 123456789 10
123456789 11 123456789 12 123456789 13 123456789 14 123456789 15 123456789 16 123456789 17 123456789 18 123456789 19 123456789 20
123456789 21 123456789 22 123456789 23 123456789 24 123456789 25 123456789 26 123456789 27 123456789 28 123456789 29 123456789 30
123456789 31 123456789 32 123456789 33 123456789 34 123456789 35 123456789 36 123456789 37 123456789 38 123456789 39 123456789 40
123456789 01 123456789 02 123456789 03 123456789 04 123456789 05 123456789 06 123456789 07 123456789 08 123456789 09 123456789 10
123456789 11 123456789 12 123456789 13 123456789 14 123456789 15 123456789 16 123456789 17 123456789 18 123456789 19 123456789 20
123456789 21 123456789 22 123456789 23 123456789 24 123456789 25 123456789 26 123456789 27 123456789 28 123456789 29 123456789 30
123456789 31 123456789 32 123456789 33 123456789 34 123456789 35 123456789 36 123456789 37 123456789 38 123456789 39 123456789 40
@@@"

./client 193279 "####
123456789 01 123456789 02 123456789 03 123456789 04 123456789 05 123456789 06 123456789 07 123456789 08 123456789 09 123456789 10
@@@"

./client 193697
"####
123456789 01 123456789 02 123456789 03 123456789 04 123456789 05 123456789 06 123456789 07 123456789 08 123456789 09 123456789 10
123456789 11 123456789 12 123456789 13 123456789 14 123456789 15 123456789 16 123456789 17 123456789 18 123456789 19 123456789 20
123456789 21 123456789 22 123456789 23 123456789 24 123456789 25 123456789 26 123456789 27 123456789 28 123456789 29 123456789 30
123456789 31 123456789 32 123456789 33 123456789 34 123456789 35 123456789 36 123456789 37 123456789 38 123456789 39 123456789 40
123456789 01 123456789 02 123456789 03 123456789 04 123456789 05 123456789 06 123456789 07 123456789 08 123456789 09 123456789 10
123456789 11 123456789 12 123456789 13 123456789 14 123456789 15 123456789 16 123456789 17 123456789 18 123456789 19 123456789 20
123456789 21 123456789 22 123456789 23 123456789 24 123456789 25 123456789 26 123456789 27 123456789 28 123456789 29 123456789 30
123456789 31 123456789 32 123456789 33 123456789 34 123456789 35 123456789 36 123456789 37 123456789 38 123456789 39 123456789 40
123456789 01 123456789 02 123456789 03 123456789 04 123456789 05 123456789 06 123456789 07 123456789 08 123456789 09 123456789 10
123456789 11 123456789 12 123456789 13 123456789 14 123456789 15 123456789 16 123456789 17 123456789 18 123456789 19 123456789 20
123456789 21 123456789 22 123456789 23 123456789 24 123456789 25 123456789 26 123456789 27 123456789 28 123456789 29 123456789 30
123456789 31 123456789 32 123456789 33 123456789 34 123456789 35 123456789 36 123456789 37 123456789 38 123456789 39 123456789 40
@@@
####
123456789 01 123456789 02 123456789 03 123456789 04 123456789 05 123456789 06 123456789 07 123456789 08 123456789 09 123456789 10
123456789 11 123456789 12 123456789 13 123456789 14 123456789 15 123456789 16 123456789 17 123456789 18 123456789 19 123456789 20
123456789 21 123456789 22 123456789 23 123456789 24 123456789 25 123456789 26 123456789 27 123456789 28 123456789 29 123456789 30
123456789 31 123456789 32 123456789 33 123456789 34 123456789 35 123456789 36 123456789 37 123456789 38 123456789 39 123456789 40
123456789 01 123456789 02 123456789 03 123456789 04 123456789 05 123456789 06 123456789 07 123456789 08 123456789 09 123456789 10
123456789 11 123456789 12 123456789 13 123456789 14 123456789 15 123456789 16 123456789 17 123456789 18 123456789 19 123456789 20
123456789 21 123456789 22 123456789 23 123456789 24 123456789 25 123456789 26 123456789 27 123456789 28 123456789 29 123456789 30
123456789 31 123456789 32 123456789 33 123456789 34 123456789 35 123456789 36 123456789 37 123456789 38 123456789 39 123456789 40
123456789 01 123456789 02 123456789 03 123456789 04 123456789 05 123456789 06 123456789 07 123456789 08 123456789 09 123456789 10
123456789 11 123456789 12 123456789 13 123456789 14 123456789 15 123456789 16 123456789 17 123456789 18 123456789 19 123456789 20
123456789 21 123456789 22 123456789 23 123456789 24 123456789 25 123456789 26 123456789 27 123456789 28 123456789 29 123456789 30
123456789 31 123456789 32 123456789 33 123456789 34 123456789 35 123456789 36 123456789 37 123456789 38 123456789 39 123456789 40
@@@
####
123456789 01 123456789 02 123456789 03 123456789 04 123456789 05 123456789 06 123456789 07 123456789 08 123456789 09 123456789 10
123456789 11 123456789 12 123456789 13 123456789 14 123456789 15 123456789 16 123456789 17 123456789 18 123456789 19 123456789 20
123456789 21 123456789 22 123456789 23 123456789 24 123456789 25 123456789 26 123456789 27 123456789 28 123456789 29 123456789 30
123456789 31 123456789 32 123456789 33 123456789 34 123456789 35 123456789 36 123456789 37 123456789 38 123456789 39 123456789 40
123456789 01 123456789 02 123456789 03 123456789 04 123456789 05 123456789 06 123456789 07 123456789 08 123456789 09 123456789 10
123456789 11 123456789 12 123456789 13 123456789 14 123456789 15 123456789 16 123456789 17 123456789 18 123456789 19 123456789 20
123456789 21 123456789 22 123456789 23 123456789 24 123456789 25 123456789 26 123456789 27 123456789 28 123456789 29 123456789 30
123456789 31 123456789 32 123456789 33 123456789 34 123456789 35 123456789 36 123456789 37 123456789 38 123456789 39 123456789 40
123456789 01 123456789 02 123456789 03 123456789 04 123456789 05 123456789 06 123456789 07 123456789 08 123456789 09 123456789 10
123456789 11 123456789 12 123456789 13 123456789 14 123456789 15 123456789 16 123456789 17 123456789 18 123456789 19 123456789 20
123456789 21 123456789 22 123456789 23 123456789 24 123456789 25 123456789 26 123456789 27 123456789 28 123456789 29 123456789 30
123456789 31 123456789 32 123456789 33 123456789 34 123456789 35 123456789 36 123456789 37 123456789 38 123456789 39 123456789 40
@@@"

./client 193697 "####
ABCDEFGHI 01 ABCDEFGHI 02 ABCDEFGHI 03 ABCDEFGHI 04 ABCDEFGHI 05 ABCDEFGHI 06 ABCDEFGHI 07 ABCDEFGHI 08 ABCDEFGHI 09 ABCDEFGHI 10
ABCDEFGHI 11 ABCDEFGHI 12 ABCDEFGHI 13 ABCDEFGHI 14 ABCDEFGHI 15 ABCDEFGHI 16 ABCDEFGHI 17 ABCDEFGHI 18 ABCDEFGHI 19 ABCDEFGHI 20
ABCDEFGHI 21 ABCDEFGHI 22 ABCDEFGHI 23 ABCDEFGHI 24 ABCDEFGHI 25 ABCDEFGHI 26 ABCDEFGHI 27 ABCDEFGHI 28 ABCDEFGHI 29 ABCDEFGHI 30
ABCDEFGHI 31 ABCDEFGHI 32 ABCDEFGHI 33 ABCDEFGHI 34 ABCDEFGHI 35 ABCDEFGHI 36 ABCDEFGHI 37 ABCDEFGHI 38 ABCDEFGHI 39 ABCDEFGHI 40
ABCDEFGHI 01 ABCDEFGHI 02 ABCDEFGHI 03 ABCDEFGHI 04 ABCDEFGHI 05 ABCDEFGHI 06 ABCDEFGHI 07 ABCDEFGHI 08 ABCDEFGHI 09 ABCDEFGHI 10
ABCDEFGHI 11 ABCDEFGHI 12 ABCDEFGHI 13 ABCDEFGHI 14 ABCDEFGHI 15 ABCDEFGHI 16 ABCDEFGHI 17 ABCDEFGHI 18 ABCDEFGHI 19 ABCDEFGHI 20
ABCDEFGHI 21 ABCDEFGHI 22 ABCDEFGHI 23 ABCDEFGHI 24 ABCDEFGHI 25 ABCDEFGHI 26 ABCDEFGHI 27 ABCDEFGHI 28 ABCDEFGHI 29 ABCDEFGHI 30
ABCDEFGHI 31 ABCDEFGHI 32 ABCDEFGHI 33 ABCDEFGHI 34 ABCDEFGHI 35 ABCDEFGHI 36 ABCDEFGHI 37 ABCDEFGHI 38 ABCDEFGHI 39 ABCDEFGHI 40
ABCDEFGHI 01 ABCDEFGHI 02 ABCDEFGHI 03 ABCDEFGHI 04 ABCDEFGHI 05 ABCDEFGHI 06 ABCDEFGHI 07 ABCDEFGHI 08 ABCDEFGHI 09 ABCDEFGHI 10
ABCDEFGHI 11 ABCDEFGHI 12 ABCDEFGHI 13 ABCDEFGHI 14 ABCDEFGHI 15 ABCDEFGHI 16 ABCDEFGHI 17 ABCDEFGHI 18 ABCDEFGHI 19 ABCDEFGHI 20
ABCDEFGHI 21 ABCDEFGHI 22 ABCDEFGHI 23 ABCDEFGHI 24 ABCDEFGHI 25 ABCDEFGHI 26 ABCDEFGHI 27 ABCDEFGHI 28 ABCDEFGHI 29 ABCDEFGHI 30
ABCDEFGHI 31 ABCDEFGHI 32 ABCDEFGHI 33 ABCDEFGHI 34 ABCDEFGHI 35 ABCDEFGHI 36 ABCDEFGHI 37 ABCDEFGHI 38 ABCDEFGHI 39 ABCDEFGHI 40
@@@"

./client 296107 "####BLOCO 01####
123456789 01 123456789 02 123456789 03 123456789 04 123456789 05 123456789 06 123456789 07 123456789 08 123456789 09 123456789 10
123456789 11 123456789 12 123456789 13 123456789 14 123456789 15 123456789 16 123456789 17 123456789 18 123456789 19 123456789 20
123456789 21 123456789 22 123456789 23 123456789 24 123456789 25 123456789 26 123456789 27 123456789 28 123456789 29 123456789 30
123456789 31 123456789 32 123456789 33 123456789 34 123456789 35 123456789 36 123456789 37 123456789 38 123456789 39 123456789 40
123456789 01 123456789 02 123456789 03 123456789 04 123456789 05 123456789 06 123456789 07 123456789 08 123456789 09 123456789 10
123456789 11 123456789 12 123456789 13 123456789 14 123456789 15 123456789 16 123456789 17 123456789 18 123456789 19 123456789 20
123456789 21 123456789 22 123456789 23 123456789 24 123456789 25 123456789 26 123456789 27 123456789 28 123456789 29 123456789 30
123456789 31 123456789 32 123456789 33 123456789 34 123456789 35 123456789 36 123456789 37 123456789 38 123456789 39 123456789 40
123456789 01 123456789 02 123456789 03 123456789 04 123456789 05 123456789 06 123456789 07 123456789 08 123456789 09 123456789 10
123456789 11 123456789 12 123456789 13 123456789 14 123456789 15 123456789 16 123456789 17 123456789 18 123456789 19 123456789 20
123456789 21 123456789 22 123456789 23 123456789 24 123456789 25 123456789 26 123456789 27 123456789 28 123456789 29 123456789 30
123456789 31 123456789 32 123456789 33 123456789 34 123456789 35 123456789 36 123456789 37 123456789 38 123456789 39 123456789 40
@@@
####BLOCO 2####
123456789 01 123456789 02 123456789 03 123456789 04 123456789 05 123456789 06 123456789 07 123456789 08 123456789 09 123456789 10
123456789 11 123456789 12 123456789 13 123456789 14 123456789 15 123456789 16 123456789 17 123456789 18 123456789 19 123456789 20
123456789 21 123456789 22 123456789 23 123456789 24 123456789 25 123456789 26 123456789 27 123456789 28 123456789 29 123456789 30
123456789 31 123456789 32 123456789 33 123456789 34 123456789 35 123456789 36 123456789 37 123456789 38 123456789 39 123456789 40
123456789 01 123456789 02 123456789 03 123456789 04 123456789 05 123456789 06 123456789 07 123456789 08 123456789 09 123456789 10
123456789 11 123456789 12 123456789 13 123456789 14 123456789 15 123456789 16 123456789 17 123456789 18 123456789 19 123456789 20
123456789 21 123456789 22 123456789 23 123456789 24 123456789 25 123456789 26 123456789 27 123456789 28 123456789 29 123456789 30
123456789 31 123456789 32 123456789 33 123456789 34 123456789 35 123456789 36 123456789 37 123456789 38 123456789 39 123456789 40
123456789 01 123456789 02 123456789 03 123456789 04 123456789 05 123456789 06 123456789 07 123456789 08 123456789 09 123456789 10
123456789 11 123456789 12 123456789 13 123456789 14 123456789 15 123456789 16 123456789 17 123456789 18 123456789 19 123456789 20
123456789 21 123456789 22 123456789 23 123456789 24 123456789 25 123456789 26 123456789 27 123456789 28 123456789 29 123456789 30
123456789 31 123456789 32 123456789 33 123456789 34 123456789 35 123456789 36 123456789 37 123456789 38 123456789 39 123456789 40
@@@
####BLOCO 3####
123456789 01 123456789 02 123456789 03 123456789 04 123456789 05 123456789 06 123456789 07 123456789 08 123456789 09 123456789 10
123456789 11 123456789 12 123456789 13 123456789 14 123456789 15 123456789 16 123456789 17 123456789 18 123456789 19 123456789 20
123456789 21 123456789 22 123456789 23 123456789 24 123456789 25 123456789 26 123456789 27 123456789 28 123456789 29 123456789 30
123456789 31 123456789 32 123456789 33 123456789 34 123456789 35 123456789 36 123456789 37 123456789 38 123456789 39 123456789 40
123456789 01 123456789 02 123456789 03 123456789 04 123456789 05 123456789 06 123456789 07 123456789 08 123456789 09 123456789 10
123456789 11 123456789 12 123456789 13 123456789 14 123456789 15 123456789 16 123456789 17 123456789 18 123456789 19 123456789 20
123456789 21 123456789 22 123456789 23 123456789 24 123456789 25 123456789 26 123456789 27 123456789 28 123456789 29 123456789 30
123456789 31 123456789 32 123456789 33 123456789 34 123456789 35 123456789 36 123456789 37 123456789 38 123456789 39 123456789 40
123456789 01 123456789 02 123456789 03 123456789 04 123456789 05 123456789 06 123456789 07 123456789 08 123456789 09 123456789 10
123456789 11 123456789 12 123456789 13 123456789 14 123456789 15 123456789 16 123456789 17 123456789 18 123456789 19 123456789 20
123456789 21 123456789 22 123456789 23 123456789 24 123456789 25 123456789 26 123456789 27 123456789 28 123456789 29 123456789 30
123456789 31 123456789 32 123456789 33 123456789 34 123456789 35 123456789 36 123456789 37 123456789 38 123456789 39 123456789 40
@@@
####BLOCO 4####
123456789 01 123456789 02 123456789 03 123456789 04 123456789 05 123456789 06 123456789 07 123456789 08 123456789 09 123456789 10
123456789 11 123456789 12 123456789 13 123456789 14 123456789 15 123456789 16 123456789 17 123456789 18 123456789 19 123456789 20
123456789 21 123456789 22 123456789 23 123456789 24 123456789 25 123456789 26 123456789 27 123456789 28 123456789 29 123456789 30
123456789 31 123456789 32 123456789 33 123456789 34 123456789 35 123456789 36 123456789 37 123456789 38 123456789 39 123456789 40
123456789 01 123456789 02 123456789 03 123456789 04 123456789 05 123456789 06 123456789 07 123456789 08 123456789 09 123456789 10
123456789 11 123456789 12 123456789 13 123456789 14 123456789 15 123456789 16 123456789 17 123456789 18 123456789 19 123456789 20
123456789 21 123456789 22 123456789 23 123456789 24 123456789 25 123456789 26 123456789 27 123456789 28 123456789 29 123456789 30
123456789 31 123456789 32 123456789 33 123456789 34 123456789 35 123456789 36 123456789 37 123456789 38 123456789 39 123456789 40
123456789 01 123456789 02 123456789 03 123456789 04 123456789 05 123456789 06 123456789 07 123456789 08 123456789 09 123456789 10
123456789 11 123456789 12 123456789 13 123456789 14 123456789 15 123456789 16 123456789 17 123456789 18 123456789 19 123456789 20
123456789 21 123456789 22 123456789 23 123456789 24 123456789 25 123456789 26 123456789 27 123456789 28 123456789 29 123456789 30
123456789 31 123456789 32 123456789 33 123456789 34 123456789 35 123456789 36 123456789 37 123456789 38 123456789 39 123456789 40
@@@"